11011100100101000111100101000100110100
01111001010011100100011111001000010001
1110100
10100011111011101000110011110100001001110011011011110100101000111011010100011110100
01001111001111011011111001110010111100101010101001100011100101100010101011101000000
10001111100100011111001011110111100010111101001011110110010110100010010101100101000
01101001110001000001000000010001111101100111011001010001101010010011001000010010111
11011101110010001010011111001011110011010010111110010000100011111001111001111001101
01011110001111001001100110101001101111000100101111110110010110111011100100101000111
01101010001111010001001111001100101000010000110111101110101111010010111111011101110
01000101001111100101111001111101011100101110010111100010111111110111100111000000111
10111000010101110001001111010001100001001011011110111010111101001010011010011101011
10010001100101000100001010111100010111111111001111101100111011001010100101111011001
01101110010000100011110000011101110111100101100001111000101111111011000000010001111
10001101110110110010011110000110100101111010010100011110111010011110100110101011111
01100011110101001001110011110110111010011100010011010011001000110111101111000000011
00110100101111110110010110110010101010001110111011011101100011111010011100010011010
01100100011011110010011111010010111001010111010101110110111001001001101001110001011
11111110000101000101011010000100010100111001000000010010111100101001110010000011100
11011110000100101111011001011010101110001101110010110000001000111110110001111010001
01101110100001000000100011100101100100111101010111011011100101011001101000010001010
01101111010001111101101100011110011111101110101111010010111101010111100100111101100
10110111001000010001110101110001101110010110000001000111101000111001101000111011110
00011010100001100010001111010001111111011001110110010111110111010111101001011110110
01001100100000100000001100110110110010011100111111101100111011001010001101010010000
01000100101111110110010110111011100100101000111001011001100100111110111001011101100
11110100110111110111011100100010100111110010111100111101110011011011101100101110000
10001101111111000110000100001011111000011110111101011010010010111101100101101010111
00010011100110111100010111111101010111011011111011001110110010101111000101111111101
11100011001101001001011100101011010000001010110011010011110001011111111101100011001
10100001001011110110010110110101100100111101111011110001011111111100001011001101001
11010111101110000010010000011010011100100011001000111001011110001100000010111100100
11100111111100100001000111010101110110111110110110010111001001111010011110100001110
01010100111100001001000110100100101111011001011011101110001110011000111110111000101
01111001010011100101111101111011100111001011111110111011100100010100111110010111100
11111101000010011100110110111100101001110010000011100110111100011110100101110010101
11001110001111010010100011110000001001010111010111010001100001001010010111101100101
10101010001111011101011110011100111111011100100010001010010011110100001111101101100
11010111001101001110101110111100010100011111101001010001111101110000101001110011110
11011111011101101011010000110010010001001011110110010110110000011110101010010111100
11110110111101110001010010011001011110011101111000111101001010001111101110110101101
01100011110100110111001111011011111011100010010011001111010011101000110011110100011
11111011001110110010101001011110110010110100100000111000110110011101000000100010101
11101001011100101011101010111011011101001110001001101001100100011011110010011110110
10101101000011001101111111011101101111000000110011010111011110100110111000100001000
10010111111011001011011001010001000111101001010001110000111101111010110100010011011
10001111110110011111011010100101111010001100001001111001111011011101010111011011101

00111000100110100110010001101111001001111011010101101000011001101111010010111101100
10110111011101110010001010011111001011110011111101011001101111000011011101010111011
01110110110111101111101101101101110111100010100011111101001010001111101110000101001
11001111011011111011101101011010000110010010001001011110110010110101100001010011011
10101011101101111001101111000000011011111001000010001110010110010011111000001100111
00001001011101011100011011101010111011011100101111000111101011110101100110111100010
00111001011001001111110011100101101111011111111101100111011001011111011001011011010
01011100101011101010001110111011011101100100111101000011101110110111110011110010011
00110101001101111000100101111110010101001000110000101110011000111101000111110101110
00100111001111101111000111101001010001111011111101000011001010111100100110011010100
11011110000100101111011001011011101110111001000101001111100101111001111101110110111
01111000011010100001100010001110010100100111001110011000010001110010110010011111010
01010001111001001100110101001101111000010010111101100101101110010000100011110101011
10100111110100011000010010110111110010000100011110000111101111010110100110111001010
11000110011011110111010111101001011111101110111001000101001111100101111001111101010
01110011010000111100010111111100111000101000111111010010100011110011011110000001001
01111110110010110111011100100101001101001110111101011111011101001101001110000100000
00100011100101100100111110100101000111011010101101001001110111110111110011000111110
01000010001110111100011100101011000111100001001011110110010110111011101110010001010
01111100101111001111100010010101100101011010000011001100000110111110011100100000111
00100001010110001100110011100111000110010100001111100001010001010110100000010000111
11001010011100111000111110110001111010111010101110110111110001000101110010001101001
10110011010001001010010111101100101101001111011010100001000111110100001101100001101
01101001111000101111111101000111110101011110010011111000110111110011100101111010001
11010010100011010100101111110110010110110010101010001111100100110110001111101000000
10100001101010010001111000000011011110100101110010100100101110010110000010001100010
01101100001110011110110111101001010001111101100111011001011101110011011011110111111
01000011001010111010000111101111100001111010001001010010111101100101101100000111110
01110000001110110010111001001110011111010000000110000110101011100100011110100011111
00011001010111101001010001111001001100110101001101111000100101111110110010110110010
10001000111101001010001111010010101111101001000111010001100001001010010111101001010
00111110110011101100101111001011000101111011110000110111101000111110010000111110100
01000100110001111010010100011101101101111011111011011011010010111111011001011011101
11011100100010100111110010111100110100101111011101001111010100011100110100111010111
11001000010001111100100111001000011011010101110100000010011011111010011100110100110
11001001011110110010110101001101100000110111110010011100111110101011101101111101000
01001001100011110000111100010111111101101010110100001000101111101001011111010001111
10010100100111001110011111101001010001111101100111011001011110011100010100011111011
11010011011101100111010000001111011001011011100100001000111011010101100001011111101
00101000111100100110011010100110111100011110111010111101001011111100111010111001101
00010100011001110001001011111101100101101110111011100100010100111110010111100111110
11010101101011000010100110111101001010001111001001100110101001101111000111101000111
11101001010001110110011101000000111001111011011101010111011011101101101111011111011

01101101111100100001000111010100011000100001101110101001110010000001001011110110010
11011010010101111000110111101111000101111111110000101100110100111010111101001010001
11010101111011110101111001010110100111001000000111101001010001111101100111011001011
11101110101111001110011111001011110100111100010111111101010111100100111110010101111
01001010001111001001100110101101111000101011110110010110111001000010001110101001110
11101111100100110010000010011110010100000011001010100110001110101000111101110101111
00111001111111011000000001000100101111110110010110110010100010001110101011101101111
01110111000010011110111100011110100011111011001010011110100000100101110110010111001
10101101111011011111001101000011111001010101011010110000100010100000100011110100011
11110100101000111100100110011010100110111100011011100110110111001011100110011001101
00010010111111011001011011101110111001000101001111100101111001111111011110111100111
00110110111110011110111111010000110010101111001001100110111100111110110010111001101
01101111111101110101111010010111101010111011011101011100110100010100011001110000100
10111101100101101001011010011101011101010001111001100110110000011011110100101000111
10111010001100001010001110001001011111101100101101100101010100011110010011001101111
00001101111100111100000010111011110101110011010001010001100111000111001011001001111
01101010110101100001010001010011110001011111110101011101101111101111100001111101100
00111101100101101101000111111010010100011100010000100011100111101101111100100011100
11110011010111101000111110101000100110010101111011101110011010010001110011110110110
11011110100101000111100000010010101110101111001101111000000111001111011011101100101
11001101011011110110101110001000111101100101101110110011110111001000111011001011100
11010110111101101111100110100001110110100111100011110001111100100001000111100100110
01000001001111001110100101000110100110111110011010000111010001101001111011100100010
00111110010111011100001001100101111110110010110110111000101101001110101111010010100
01110110010111001101011011110110111110111100000000101011100100000111001000111100010
11110100101111100100001000111001011001001111100001111011110101101011011011001001110
01111110110010110110100101000111011001011100110101101111011011101011100101110010001
11110010011100100001101101010111010000001011100100110100111101000001000111101001010
00111100100110011010100110111100011011100110110111000100010100111110100001110010001
10011010001000110001100110010010111101100101101100110001100101110010111100010111111
11100111011011011110001001100010100011100011100100000111000011001110110101001111000
10111111110010000110110101010011001001111001111011011101111010011011100101111000010
00110111100101100111000000010010111011110100110111101011000111100110100101111011001
01101110010000100011101111010011011101010001100010001001011111110111011100100010100
11111001011110011111110111110000011101110101101111010010111001010111010100011101110
11011101000000011010101101000110010010000100011111001000010001111011001011011010000
10011100110110111101001010001110110010111001101011011110110111001111011011101010011
10111011111010010100000100111101011100101110010001111101111011110011100110000100011
10101011101101110100011010000110010010001101001011111101100101101100101010000101000
11100011111010000110000100001010111100010111111110100101000111011001010011110100001
11001011000110110001111010000111010001100101110110001110011100011110100101000111100
00001001010111010111010001100001001010010111101100101101110111011100100010100111110

01011110011111011010101101001001110111110111110011000011011110100011111010101110110
11101100101110000100011011110100101110010001100110101101000100101111000101111111101
00101000111010100011001011100100100111110010011000110101011100111000111010101110110
11101100101001101001110011010000001101001001011110110010110110011000110010111001011
11000101111111101001010001111101100111011001011110101000110001000111110010000100011
11010010100011100101100111000000011011100111000111101001010001110110010100111101000
01001011111101100101101100101000100000100000011101010011100100000010010111010100011
10110100110100111001000010100110111001110001010001111101010111011011100101100001000
11111001000010001111101101100100111001101101110111100010100011111110011101000000000
00101011101101001100000000101010010111111011001011011011100000111101111110100011010
01100101011100111101101111101100111011001010001101010010000010001111011111100101001
01000110101111010010100011110000001001010111010111010001100001001111110011010001101
00111000010001111010010100011100101100111100101011110110010110110111010101000110100
00111101001010001111101100111011001011101110011011011101101101111000100110001010001
11000111011101101110110101001111001110011111110010101010110000100001010000100010010
11111101100101101100101000100000011100111101101111010010100011111011001110110010100
01101010010000010001111001000001100011001001111010000011011101111010111101000111110
01011000111101110001110101110000101111101100000001010111101110001101101110000111001
01110111000011111100100101110001100111110110110100011100100111100000110110000111101
00011111101011000111100111001011111101100101101110111000110000010001101001110010000
01111101110110111101111011110111001000100011110100101000111010100011000100011100111
10110111101001010001111101100111011001010100101111011001011011100100001000111101001
01000111001110100101000110101111101100111011001010001101010010000010001111010000100
11100111111001010011100100000111001101111000111101000111111010000100111001111110100
10100011100111001101000111100100110010001110101001110111011110110001111010110100010
01111101001010000010011111100110100001001011111101100101101110111001000110100111101
00111011010100110111110010101111010010100011110000001100110100010110010011110010001
10011011000011110010001110110101011001101111000100010011001001111101011001101111000
11101111010111110110001111010111110011101100101110011010110111110010111111011001011
01100101001110010000011100110111100001001011110111010011110101101001110000100011111
00001011001101001110101111010010100011100111001101000111100100110010000100101110010
00110100111000011011101001100101000111000111110110011110000100001111000101111111010
10111100100111011011001101100001111100011010011000000001010111101100101101110010000
10001111100101011101010111011011101111000110111000000010011110100000100011101011100
10000100001100100101111100100001000111001011110100111100010111101101110101011110010
01111000000101110101100010101100001010000110100110111110010000100011100100000111101
10110110000000100101111110110010110111011100000101010001000111101001010001110011100
11010001111001001100100011110111011100110111100001100100101111010010100000100111100
10101101000111001000111011000011110100011111110110011101100101111101000111011110001
01001010001101011100111000001000000111110010111111000111100010010111111011001011011
00101010000101000111000111010101110110111110100001010010011110101000111101000111110
11010011000000001010010010111110111011100100010100111110010111100111110100011010000
11001001000110111001111011011101010111011011100100100110100111010010111100111101101
11100110111001110000110111001110001111100100011110111000001101101101001110010001100
1000111001011000110000100001011001011111101100101101